[DSC_0509.JPG]
filters=finetune2=1,0.175439,0.117895,0.089825,00000000,0.000000;
moddate=665d60c852a9d301
width=6000
height=4000
textactive=0
